0.0
0.5917669921617459
-0.10027948077944426
0.7469119492021472
0.9571067811865482
0.33574718161564004
1.2774329231045607
1.046048376513256
0.5669872981077799
1.4427250466588735
0.794470009960026
0.5270888977981846
1.2071067811865475
0.25118951851524257
0.2532739098138299
0.6570300882717717
-0.4330127018922177
-0.12982722590610118
-0.02913004177181505
-1.0512926637065072
-0.4571067811865469
-0.6401278961199985
-1.4068424456558208
-0.584108610257615
-1.0000000000000007
-1.3774619505488492
-0.4409166193667531
-1.022811328485087
-0.9571067811865469
-0.059847802332696765
-0.7362368229583627
-0.2603534181261544
0.4330127018922222
-0.266849444239514
0.5120929549163531
0.8599509475239648
0.20710678118654735
1.1358503268069042
1.0532890550625476
0.5188455141475843
1.4330127018922199
0.9155221842932028
0.5703261419180101
1.3271920429894504
0.45710678118655024
0.3642285168370562
0.8656463455096266
-0.20158634812948387
1.8382081599942065e-15
0.20158634812949322
-0.865646345509623
-0.36422851683705293
-0.45710678118654485
-1.3271920429894504
-0.5703261419180178
-0.9155221842932055
-1.4330127018922185
-0.518845514147589
-1.0532890550625438
-1.1358503268069136
-0.20710678118654724
-0.859950947523958
-0.5120929549163509
0.2668494442395122
-0.4330127018922137
0.2603534181261505
0.7362368229583691
0.05984780233269671
0.9571067811865527
1.0228113284850904
0.44091661936675053
1.37746195054884
1.0000000000000049
0.5841086102576063
1.4068424456558202
0.6401278961199962
0.4571067811865475
1.0512926637065088
0.029130041771826598
0.1298272259060969
0.4330127018922187
-0.6570300882717689
-0.2532739098138234
-0.25118951851523824
-1.2071067811865477
-0.527088897798196
-0.7944700099600199
-1.4427250466588728
-0.5669872981077828
-1.0460483765132598
-1.2774329231045625
-0.3357471816156417
-0.9571067811865357
-0.7469119492021553
0.10027948077944504
-0.5917669921617514
2.206840161011589e-15
0.5917669921617464
-0.10027948077944387
0.7469119492021464
0.9571067811865541
0.3357471816156359
1.277432923104566
1.0460483765132536
0.5669872981077787
1.4427250466588755
0.7944700099600285
0.5270888977981789
1.2071067811865488
0.2511895185152348
0.25327390981383047
0.6570300882717771
-0.4330127018922202
-0.1298272259061037
-0.02913004177180767
-1.0512926637065032
-0.45710678118655373
-0.6401278961199878
-1.4068424456558255
-0.5841086102576115
-0.9999999999999966
-1.3774619505488546
-0.44091661936675824
-1.0228113284850968
-0.9571067811865486
-0.05984780233269832
-0.7362368229583747
-0.2603534181261443
0.43301270189223057
-0.266849444239505
0.5120929549163431
0.8599509475239717
0.2071067811865449
1.1358503268069062
1.053289055062551
0.5188455141475824
1.433012701892225
0.9155221842931995
0.5703261419180123
1.3271920429894521
0.45710678118656056
0.3642285168370414
0.8656463455096337
-0.20158634812948667
-8.696230235219383e-15
0.20158634812950077
-0.8656463455096159
-0.3642285168370577
-0.457106781186542
-1.3271920429894495
-0.5703261419180055
-0.9155221842932079
-1.4330127018922205
-0.5188455141475912
-1.0532890550625331
-1.1358503268069229
-0.20710678118654902
-0.859950947523958
-0.5120929549163609
0.26684944423951773
-0.433012701892223
0.2603534181261509
0.7362368229583665
0.0598478023326961
0.9571067811865522
1.0228113284850853
0.44091661936674964
1.3774619505488421
1.0000000000000162
0.5841086102575994
1.4068424456558137
0.6401278961200071
0.4571067811865382
1.0512926637065123
0.029130041771816773
0.12982722590610402
0.4330127018922286
-0.6570300882717605
-0.2532739098138232
-0.2511895185152429
-1.207106781186547
-0.5270888977981932
-0.7944700099600088
-1.4427250466588823
-0.5669872981077957
-1.0460483765132493
-1.277432923104572
-0.33574718161564554
-0.957106781186529
-0.7469119492021503
0.10027948077943954
-0.5917669921617367
4.413680322023178e-15
0.5917669921617509
-0.10027948077944532
0.7469119492021324
0.9571067811865609
0.3357471816156341
1.2774329231045591
1.0460483765132922
0.566987298107773
1.4427250466588766
0.7944700099600561
0.5270888977981817
1.2071067811865492
0.25118951851525856
0.25327390981383724
0.6570300882717697
-0.43301270189221025
-0.12982722590611762
-0.02913004177182238
-1.0512926637065039
-0.4571067811865506
-0.6401278961199598
-1.4068424456558244
-0.5841086102576089
-0.9999999999999711
-1.3774619505488528
-0.4409166193667477
-1.0228113284850755
-0.957106781186544
-0.059847802332696376
-0.7362368229583639
-0.2603534181261703
0.4330127018922142
-0.26684944423950685
0.512092954916342
0.8599509475239913
0.20710678118654435
1.13585032680691
1.0532890550625742
0.5188455141475719
1.4330127018922123
0.9155221842932546
0.5703261419179948
1.327192042989451
0.4571067811865832
0.3642285168370447
0.8656463455096197
-0.201586348129467
-8.572527594031471e-15
0.2015863481294789
-0.8656463455096127
-0.36422851683705426
-0.45710678118651443
-1.3271920429894508
-0.570326141918003
-0.9155221842931826
-1.4330127018922192
-0.5188455141475778
-1.0532890550625376
-1.1358503268069007
-0.20710678118654702
-0.8599509475239668
-0.5120929549163312
0.26684944423951934
-0.43301270189219676
0.26035341812612495
0.7362368229584039
0.059847802332698874
0.9571067811865346
1.0228113284851348
0.4409166193667427
1.377461950548844
1.0000000000000417
0.5841086102576012
1.4068424456558222
0.640127896120031
0.4571067811865413
1.0512926637065028
0.02913004177183548
0.12982722590610765
0.4330127018922066
-0.6570300882717608
-0.2532739098138197
-0.25118951851521615
-1.2071067811865466
-0.5270888977981679
-0.7944700099600086
-1.4427250466588701
-0.5669872981077941
-1.0460483765132524
-1.2774329231045902
-0.3357471816156416
-0.9571067811865075
-0.7469119492021745
0.10027948077944543
-0.5917669921617219
-2.180118894736924e-14
0.5917669921617483
-0.10027948077943938
0.7469119492021347
0.9571067811865824
0.33574718161563405
1.277432923104561
1.046048376513289
0.5669872981077746
1.442725046658878
0.7944700099600536
0.5270888977981845
1.2071067811865497
0.2511895185152568
0.2532739098138408
0.6570300882717584
-0.43301270189221097
-0.1298272259060858
-0.02913004177179712
-1.0512926637065074
-0.4571067811865721
-0.6401278961199884
-1.4068424456558306
-0.5841086102576243
-0.9999999999999456
-1.3774619505488686
-0.4409166193667546
-1.0228113284850524
-0.9571067811865667
-0.05984780233269743
-0.7362368229583466
-0.26035341812616813
0.43301270189221197
-0.2668494442395087
0.5120929549163442
0.8599509475239884
0.2071067811865439
1.135850326806912
1.053289055062571
0.5188455141475852
1.4330127018922278
0.9155221842932223
0.5703261419180199
1.3271920429894555
0.45710678118656145
0.36422851683707425
0.8656463455096269
-0.20158634812948537
-3.331782070444706e-14
0.20158634812950216
-0.865646345509612
-0.36422851683707125
-0.4571067811864969
-1.3271920429894497
-0.5703261419180208
-0.9155221842931557
-1.4330127018922318
-0.5188455141475878
-1.0532890550625131
-1.135850326806917
-0.20710678118655257
-0.8599509475239413
-0.5120929549163631
0.26684944423950663
-0.43301270189222035
0.2603534181261553
0.7362368229583744
0.0598478023326941
0.9571067811865613
1.0228113284851055
0.44091661936675325
1.3774619505488614
1.0000000000000102
0.5841086102576218
1.406842445655816
0.6401278961200589
0.4571067811865198
1.0512926637065068
0.02913004177185413
0.12982722590607615
0.4330127018922556
-0.6570300882717574
-0.253273909813837
-0.25118951851520127
-1.2071067811865412
-0.5270888977981878
-0.7944700099599837
-1.44272504665888
-0.5669872981078069
-1.046048376513281
-1.2774329231045658
-0.33574718161564926
-0.9571067811865793
-0.746911949202152
0.10027948077945137
-0.5917669921617694
8.827360644046355e-15
0.5917669921617492
-0.10027948077943505
0.7469119492021689
0.9571067811865548
0.3357471816156417
1.2774329231045398
1.0460483765133155
0.5669872981077618
1.4427250466588684
0.7944700099600784
0.5270888977981274
1.2071067811865452
0.25118951851527765
0.2532739098137685
0.6570300882717759
-0.43301270189220464
-0.12982722590615975
-0.02913004177182521
-1.0512926637064977
-0.45710678118658365
-0.6401278961200249
-1.4068424456558222
-0.5841086102576382
-1.0000000000000338
-1.3774619505488481
-0.4409166193667642
-1.0228113284851303
-0.957106781186545
-0.059847802332706534
-0.7362368229583564
-0.2603534181261941
0.4330127018922169
-0.2668494442395214
0.5120929549163254
0.8599509475240079
0.20710678118654835
1.1358503268068874
1.0532890550625982
0.5188455141475521
1.4330127018922152
0.9155221842932489
0.5703261419179647
1.3271920429894486
0.4571067811865791
0.36422851683700475
0.8656463455096262
-0.20158634812947607
-5.095768645726166e-14
0.2015863481294768
-0.8656463455096128
-0.36422851683708835
-0.45710678118657777
-1.327192042989449
-0.5703261419180359
-0.915522184293188
-1.433012701892216
-0.5188455141475989
-1.0532890550625411
-1.1358503268069418
-0.20710678118655812
-0.8599509475239608
-0.5120929549163817
0.2668494442395305
-0.4330127018922296
0.2603534181261363
0.7362368229583983
0.05984780233269532
0.9571067811865337
1.0228113284851246
0.44091661936672893
1.377461950548847
1.0000000000000357
0.5841086102575732
1.4068424456558215
0.6401278961200264
0.4571067811865033
1.0512926637065165
0.029130041771879445
0.1298272259060022
0.4330127018922335
-0.6570300882717399
-0.2532739098139093
-0.25118951851523136
-1.2071067811865457
-0.5270888977982487
-0.7944700099600164
-1.4427250466588908
-0.5669872981078197
-1.046048376513257
-1.2774329231045867
-0.33574718161565703
-0.9571067811865528
-0.7469119492021703
0.1002794807794507
-0.5917669921617615
-1.0282081267745059e-14
0.591766992161771
-0.10027948077945037
0.7469119492021389
0.9571067811865713
0.3357471816156266
1.2774329231045645
1.0460483765132829
0.5669872981077491
1.442725046658879
0.7944700099600458
0.5270888977981487
1.2071067811865508
0.2511895185152592
0.25327390981379294
0.6570300882717577
-0.43301270189221247
-0.12982722590612095
-0.029130041771853243
-1.051292663706507
-0.4571067811865609
-0.6401278961200495
-1.406842445655811
-0.5841086102576203
-1.0000000000000653
-1.3774619505488306
-0.4409166193667591
-1.0228113284850509
-0.9571067811865133
-0.05984780233270526
-0.7362368229583456
-0.26035341812622703
0.4330127018922644
-0.2668494442395054
0.5120929549162936
0.8599509475240217
0.2071067811865428
1.135850326806871
1.0532890550626197
0.5188455141475408
1.4330127018922023
0.915522184293273
0.5703261419179442
1.3271920429894497
0.45710678118660675
0.3642285168369759
0.8656463455096268
-0.2015863481294529
-6.859755221007625e-14
0.20158634812948603
-0.8656463455096122
-0.36422851683711716
-0.4571067811865501
-1.3271920429894482
-0.5703261419180563
-0.9155221842932204
-1.433012701892229
-0.5188455141476103
-1.0532890550625689
-1.1358503268069133
-0.20710678118655357
-0.8599509475239921
-0.5120929549163588
0.26684944423952467
-0.43301270189223895
0.26035341812615975
0.7362368229583689
0.05984780233268777
0.9571067811865652
1.022811328485099
0.44091661936673404
1.3774619505488648
1.0000000000000044
0.5841086102575911
1.4068424456558328
0.6401278961200018
0.45710678118653597
1.0512926637064999
0.029130041771811166
0.12982722590609735
0.4330127018922541
-0.6570300882717799
-0.25327390981383
-0.2511895185152047
-1.2071067811865401
-0.5270888977981822
-0.7944700099599942
-1.4427250466588992
-0.5669872981078323
-1.0460483765132307
-1.2774329231046022
-0.3357471816156568
-0.9571067811865362
-0.7469119492022003
0.10027948077946319
-0.5917669921617398
-4.360237789473848e-14
0.5917669921617787
-0.10027948077943788
0.7469119492021206
0.9571067811865979
0.33574718161561895
1.2774329231045436
1.0460483765133095
0.5669872981077364
1.4427250466588708
0.7944700099600734
0.527088897798133
1.2071067811865464
0.2511895185152742
0.25327390981377557
0.657030088271775
-0.4330127018922061
-0.12982722590615248
-0.029130041771827986
-1.0512926637064972
-0.45710678118657755
-0.6401278961200294
-1.4068424456558202
-0.5841086102576344
-1.0000000000000397
-1.3774619505488448
-0.44091661936676324
-1.0228113284851366
-0.9571067811865409
-0.05984780233270842
-0.7362368229584021
-0.26035341812613333
0.43301270189221247
-0.2668494442395469
0.5120929549163846
0.8599509475239568
0.20710678118653725
1.1358503268069364
1.053289055062537
0.5188455141475758
1.4330127018921897
0.9155221842932998
0.5703261419180097
1.3271920429894428
0.45710678118662423
0.3642285168369589
0.8656463455096406
-0.20158634812944365
-1.0044827267809284e-13
0.20158634812950926
-0.8656463455095984
-0.36422851683713425
-0.45710678118653264
-1.327192042989455
-0.5703261419180713
-0.9155221842931937
-1.4330127018922416
-0.5188455141476188
-1.0532890550625473
-1.135850326806938
-0.20710678118655912
-0.8599509475239668
-0.5120929549163775
0.2668494442395267
-0.433012701892234
0.2603534181261407
0.7362368229583929
0.05984780233269632
0.9571067811865377
1.0228113284851184
0.44091661936672993
1.3774619505488506
1.00000000000003
0.5841086102575772
1.4068424456558237
0.6401278961200217
0.4571067811865094
1.0512926637064979
0.029130041771823323
0.12982722590606582
0.43301270189221786
-0.6570300882717763
-0.2532739098138605
-0.2511895185152681
-1.2071067811865346
-0.527088897798206
-0.7944700099600764
-1.4427250466588637
-0.5669872981077883
-1.0460483765133197
-1.277432923104543
-0.3357471816156496
-0.9571067811865097
-0.7469119492022186
0.10027948077943316
-0.5917669921617179
-6.27118198065299e-14
0.5917669921618006
-0.1002794807794517
0.7469119492021024
0.9571067811866245
0.33574718161561906
1.2774329231045225
1.046048376513336
0.5669872981077235
1.4427250466588626
0.794470009960101
0.527088897798117
1.207106781186552
0.25118951851530086
0.2532739098137582
0.6570300882717786
-0.4330127018921855
-0.12982722590617005
-0.02913004177181583
-1.051292663706499
-0.4571067811866041
-0.6401278961200094
-1.4068424456558293
-0.5841086102576512
-1.0000000000000142
-1.3774619505488592
-0.4409166193667674
-1.0228113284851175
-0.9571067811865686
-0.05984780233271164
-0.7362368229583913
-0.2603534181261663
0.43301270189221736
-0.2668494442395152
0.5120929549163529
0.8599509475239706
0.2071067811865318
1.1358503268069198
1.0532890550625587
0.5188455141475645
1.4330127018922338
0.9155221842932112
0.5703261419179891
1.3271920429894508
0.4571067811865434
0.36422851683703505
0.865646345509625
-0.20158634812950357
-1.8612155424493417e-14
0.20158634812953244
-0.865646345509614
-0.3642285168370462
-0.457106781186505
-1.327192042989454
-0.5703261419180862
-0.9155221842931696
-1.4330127018922543
-0.51884551414763
-1.0532890550625202
-1.1358503268069544
-0.20710678118655457
-0.8599509475239413
-0.5120929549163962
0.26684944423954277
-0.4330127018921723
0.26035341812612167
0.7362368229584167
0.05984780233270498
0.95710678118651
1.0228113284851374
0.44091661936672577
1.3774619505488332
1.0000000000000553
0.5841086102575632
1.40684244565582
0.6401278961200496
0.45710678118649284
1.0512926637065076
0.029130041771848525
0.1298272259061331
0.4330127018922953
-0.6570300882717589
-0.2532739098137943
-0.2511895185151512
-1.207106781186549
-0.5270888977981316
-0.794470009959939
-1.4427250466588775
-0.5669872981077442
-1.0460483765131832
-1.277432923104564
-0.33574718161562667
-0.9571067811864932
-0.7469119492021435
0.10027948077942928
-0.5917669921617381
1.765472128809271e-14
0.591766992161767
-0.10027948077945237
0.7469119492021772
0.9571067811865626
0.3357471816156263
1.2774329231045929
1.046048376513247
0.5669872981077677
1.4427250466588488
0.7944700099600079
0.5270888977981756
1.2071067811865572
0.2511895185152138
0.25327390981371456
0.657030088271796
-0.43301270189216495
-0.12982722590618762
-0.029130041771790627
-1.0512926637064743
-0.45710678118662057
-0.6401278961199814
-1.4068424456558515
-0.5841086102576651
-0.9999999999999888
-1.377461950548951
-0.44091661936677695
-1.0228113284850826
-0.9571067811866947
-0.05984780233269121
-0.7362368229583804
-0.26035341812631196
0.4330127018922507
-0.26684944423952883
0.5120929549162111
0.8599509475239844
0.20710678118654635
1.135850326806805
1.0532890550625802
0.5188455141476023
1.4330127018921641
0.915522184293238
0.5703261419180436
1.3271920429894528
0.457106781186571
0.36422851683709945
0.8656463455096683
-0.20158634812948034
7.743481654430802e-14
0.20158634812955561
-0.8656463455096264
-0.3642285168369818
-0.4571067811864774
-1.3271920429894382
-0.5703261419179513
-0.9155221842931428
-1.4330127018922103
-0.5188455141475923
-1.0532890550625096
-1.1358503268068891
-0.20710678118654013
-0.8599509475239513
-0.512092954916428
0.26684944423952917
-0.43301270189222424
0.26035341812608875
0.7362368229583471
0.05984780233270176
0.9571067811865026
1.0228113284850675
0.44091661936671617
1.3774619505488164
0.9999999999999671
0.5841086102575437
1.4068424456558164
0.6401278961199567
0.45710678118645626
1.0512926637065174
0.029130041771954218
0.12982722590603069
0.43301270189223057
-0.657030088271698
-0.25327390981389525
-0.25118951851523824
-1.2071067811865235
-0.5270888977982378
-0.7944700099600321
-1.4427250466589236
-0.5669872981078137
-1.0460483765132667
-1.2774329231046655
-0.33574718161564915
-0.9571067811865751
-0.7469119492022787
0.10027948077945809
-0.5917669921617715
-1.2935241306051673e-13
0.591766992161747
-0.10027948077945614
0.7469119492020422
0.957106781186559
0.3357471816156492
1.2774329231044805
1.0460483765132707
0.5669872981078118
1.4427250466588462
0.7944700099600355
0.5270888977982342
1.207106781186563
0.2511895185152406
0.25327390981380704
0.6570300882718134
-0.4330127018922296
-0.12982722590612034
-0.029130041771765314
-1.0512926637064943
-0.45710678118655873
-0.6401278961199537
-1.4068424456558364
-0.5841086102576154
-0.9999999999999633
-1.3774619505488932
-0.44091661936674625
-1.022811328484974
-0.9571067811866036
-0.05984780233268561
-0.7362368229582894
-0.26035341812620433
0.4330127018921987
-0.2668494442394832
0.5120929549163153
0.8599509475239314
0.2071067811865408
1.1358503268068705
1.053289055062503
0.5188455141475474
1.4330127018922083
0.9155221842931465
0.570326141917959
1.3271920429894528
0.4571067811866971
0.36422851683700097
0.8656463455096264
-0.20158634812936008
-5.389188693012259e-14
0.20158634812948176
-0.8656463455095569
-0.36422851683710383
-0.45710678118656833
-1.327192042989452
-0.5703261419180468
-0.9155221842932286
-1.4330127018922798
-0.5188455141476471
-1.0532890550624772
-1.1358503268070939
-0.20710678118656567
-0.8599509475239138
-0.5120929549165697
0.2668494442395469
-0.4330127018921909
0.26035341812591517
0.7362368229584383
0.05984780233270731
0.9571067811863564
1.0228113284851916
0.44091661936674686
1.37746195054873
1.0000000000001064
0.5841086102575987
1.4068424456557835
0.6401278961200896
0.4571067811865382
1.0512926637065423
0.029130041771872783
0.12982722590609796
0.433012701892308
-0.657030088271724
-0.2532739098138291
-0.2511895185151214
-1.2071067811865381
-0.5270888977981792
-0.7944700099598838
-1.442725046658894
-0.5669872981077697
-1.0460483765131356
-1.277432923104595
-0.3357471816156262
-0.9571067811864601
-0.7469119492021801
0.100279480779428
-0.5917669921616946
-2.0564162535490118e-14
0.5917669921617135
-0.10027948077942739
0.7469119492021172
0.9571067811864972
0.3357471816156267
1.2774329231045507
1.0460483765131872
0.5669872981077422
1.442725046658876
0.7944700099601729
0.5270888977981439
1.2071067811865483
0.2511895185153812
0.2532739098137896
0.6570300882717595
-0.43301270189212376
-0.12982722590613793
-0.02913004177184675
-1.0512926637064695
-0.45710678118657533
-0.6401278961200307
-1.40684244565584
-0.5841086102576294
-1.0000000000000515
-1.3774619505489103
-0.44091661936676674
-1.0228113284851492
-0.9571067811866314
-0.05984780233271236
-0.7362368229584131
-0.26035341812626517
0.43301270189220364
-0.26684944423954027
0.5120929549162572
0.8599509475239451
0.20710678118655534
1.135850326806846
1.0532890550625245
0.5188455141476234
1.4330127018921957
0.9155221842931732
0.570326141918094
1.327192042989454
0.4571067811865278
0.3642285168371704
0.8656463455096403
-0.20158634812950316
1.2742021332989086e-13
0.20158634812953288
-0.8656463455096282
-0.36422851683714447
-0.4571067811865206
-1.327192042989437
-0.5703261419180726
-0.915522184293202
-1.4330127018921788
-0.5188455141476149
-1.0532890550625653
-1.1358503268070126
-0.20710678118655113
-0.8599509475239904
-0.5120929549164916
0.2668494442395333
